"rep","microsite","x-axis (cm)","y-axis (cm)","Surface","S cumulée","Bromus","Cerastium","Apiacees","Chardon gris","Senecio dents","Galium","Acantholimon","Liliacees","Marrubium","Viola","Annuelle sèche","Centaurea","Alyssum","Leuzea","Taraxacum","Tulipa","Linaria","Senecio","Leontodon","Lactuca","Festuca","Crepis","Scrophulariacees","Prunus","Ranunculacees","Caryophyllacées"
21,"on cushion",13,12,156,156,15,0,0,0,0,0,0,0,0,0,0,0,0,0,0,0,0,0,0,0,0,1,0,0,0,0
17,"on cushion",15,13,195,351,3,0,0,0,0,0,0,1,0,0,0,0,0,0,0,0,0,0,0,0,0,0,0,0,0,0
22,"on cushion",20,20,400,751,25,0,0,0,0,40,0,0,1,0,0,0,0,1,0,0,0,0,0,0,0,0,0,0,0,0
33,"on cushion",23,23,529,1280,2,0,2,0,0,0,0,1,0,0,0,0,0,0,0,0,0,0,0,0,0,0,0,0,0,0
40,"on cushion",28,20,560,1840,2,0,0,0,0,0,0,0,0,0,0,0,30,0,0,0,0,0,0,0,0,0,0,0,0,0
3,"on cushion",27,22,594,2434,5,1,1,0,0,2,1,0,0,0,0,0,0,0,0,0,0,0,0,0,0,0,0,0,0,0
51,"on cushion",30,20,600,3034,15,1,0,0,0,0,0,0,2,0,0,0,0,0,0,0,0,0,0,0,0,0,6,0,0,0
29,"on cushion",32,25,800,3834,30,2,0,0,0,0,0,0,0,0,0,0,0,0,0,0,0,0,0,0,0,0,20,0,0,0
39,"on cushion",30,28,840,4674,6,0,0,0,0,0,0,0,0,0,0,0,50,0,0,0,0,0,0,0,6,0,6,0,0,0
47,"on cushion",30,28,840,5514,1,0,3,0,0,0,0,0,0,0,0,0,55,0,0,0,0,0,0,0,0,0,0,0,0,0
49,"on cushion",35,30,1050,6564,3,1,0,0,0,0,0,0,2,0,0,0,30,1,0,0,0,0,0,0,15,0,6,0,0,0
37,"on cushion",33,32,1056,7620,25,0,1,0,0,0,0,0,0,0,0,0,50,0,0,0,0,0,0,0,30,0,0,0,0,0
42,"on cushion",34,32,1088,8708,3,3,3,0,0,0,0,0,0,0,0,0,0,0,0,2,0,0,0,0,0,0,0,0,0,0
12,"on cushion",35,32,1120,9828,25,10,3,0,0,38,0,0,0,0,0,5,18,0,3,0,0,0,0,0,0,1,0,0,0,0
16,"on cushion",38,30,1140,10968,55,2,4,0,0,0,0,0,0,0,0,0,60,0,0,0,0,0,0,0,0,0,2,0,0,0
44,"on cushion",35,33,1155,12123,0,0,3,0,0,0,0,0,2,0,0,0,35,0,0,0,0,0,0,0,0,0,0,0,0,0
5,"on cushion",38,32,1216,13339,20,0,4,0,0,15,1,0,0,0,0,0,0,1,0,0,0,0,0,0,0,0,0,0,0,0
58,"on cushion",38,32,1216,14555,5,4,1,0,0,0,0,0,1,0,0,0,0,0,5,0,0,0,0,0,0,0,1,0,0,0
24,"on cushion",40,35,1400,15955,1,1,3,0,0,0,0,1,1,0,0,0,0,0,0,0,0,0,0,0,0,0,30,0,0,0
56,"on cushion",40,35,1400,17355,15,3,3,1,0,0,0,0,0,0,0,0,0,0,0,0,0,0,0,0,8,0,0,0,0,0
18,"on cushion",45,35,1575,18930,15,0,10,0,0,80,0,0,0,0,0,0,90,1,0,0,5,0,0,0,0,0,0,0,0,0
10,"on cushion",43,38,1634,20564,65,7,1,0,1,0,0,0,0,0,0,0,5,0,0,0,0,0,0,0,0,0,2,0,0,0
32,"on cushion",43,38,1634,22198,50,5,4,1,0,0,0,0,0,0,0,0,0,0,0,0,0,0,0,0,5,0,0,0,0,0
38,"on cushion",42,40,1680,23878,60,1,1,0,0,0,0,0,0,0,0,0,60,0,0,0,0,0,0,0,3,0,6,0,0,0
59,"on cushion",45,38,1710,25588,60,2,1,0,0,0,0,0,0,0,0,0,0,0,0,0,0,0,0,0,0,0,6,0,0,0
19,"on cushion",45,40,1800,27388,2,2,1,0,0,0,0,2,0,0,0,0,5,0,0,0,0,0,0,0,0,0,0,0,0,0
28,"on cushion",45,40,1800,29188,25,5,0,0,0,0,0,0,1,0,0,0,0,0,0,1,0,0,0,0,0,0,15,0,0,1
53,"on cushion",45,40,1800,30988,25,3,0,0,0,0,0,0,1,0,0,0,0,1,0,1,0,0,0,0,0,0,5,0,0,0
15,"on cushion",43,43,1849,32837,70,2,6,0,0,0,0,0,0,0,0,0,90,0,0,0,0,0,0,0,0,0,4,0,0,0
35,"on cushion",48,40,1920,34757,55,0,3,0,0,0,0,0,0,0,0,0,0,0,0,0,0,0,0,0,0,0,10,0,0,0
1,"on cushion",50,40,2000,36757,28,2,2,0,0,0,0,0,0,0,0,0,0,0,0,0,0,0,0,0,0,0,0,0,0,0
8,"on cushion",50,40,2000,38757,16,2,0,0,0,0,0,0,0,0,0,0,120,0,5,0,0,3,0,0,0,0,0,0,0,0
23,"on cushion",45,45,2025,40782,5,8,0,0,0,0,0,0,5,0,0,0,0,0,0,1,0,0,0,0,0,0,0,0,0,0
36,"on cushion",53,42,2226,43008,55,0,0,0,0,0,0,0,0,0,0,1,65,0,2,0,0,0,2,0,0,0,1,0,0,0
54,"on cushion",54,45,2430,45438,35,0,2,0,0,0,0,0,0,0,0,0,45,0,0,0,0,0,0,0,0,0,1,0,0,0
30,"on cushion",55,50,2750,48188,40,0,3,0,0,0,0,0,1,0,0,0,50,0,0,0,0,0,0,0,0,0,0,0,0,0
41,"on cushion",55,50,2750,50938,0,1,1,0,0,0,0,2,0,0,0,0,65,0,0,0,0,0,0,0,1,0,0,0,0,0
25,"on cushion",60,50,3000,53938,30,3,0,0,0,0,0,0,0,0,0,1,65,0,0,0,0,0,0,0,0,0,6,0,0,0
20,"on cushion",60,55,3300,57238,50,0,5,0,0,0,0,0,0,0,0,0,65,0,0,0,0,0,0,0,10,0,0,0,0,0
43,"on cushion",110,30,3300,60538,30,0,5,0,0,0,0,0,0,0,0,0,45,0,0,0,0,0,0,0,0,0,12,0,0,0
45,"on cushion",60,55,3300,63838,50,0,5,0,0,15,0,0,0,0,0,0,70,0,0,0,0,0,0,0,0,0,1,0,0,0
4,"on cushion",62,55,3410,67248,60,0,1,0,0,35,0,0,6,0,0,0,15,1,6,0,0,0,0,0,0,0,0,0,0,0
13,"on cushion",65,60,3900,71148,5,5,5,0,0,1,0,0,0,0,0,0,20,0,5,0,0,0,0,0,15,0,2,0,0,0
27,"on cushion",65,60,3900,75048,35,0,5,0,0,0,0,0,10,0,0,0,10,0,0,1,0,0,0,0,0,0,5,0,0,0
50,"on cushion",80,60,4800,79848,25,1,4,0,0,0,0,1,1,0,0,0,75,0,0,0,0,0,0,0,20,0,1,0,0,0
52,"on cushion",83,60,4980,84828,35,0,5,0,0,85,0,0,0,0,0,0,0,2,3,0,0,0,0,0,25,0,0,0,0,0
2,"on cushion",74,70,5180,90008,65,6,0,0,0,2,0,0,3,3,1,0,0,0,0,0,0,0,0,0,0,0,0,0,0,0
60,"on cushion",75,72,5400,95408,30,1,1,0,0,0,0,0,3,0,0,0,1,0,0,0,0,0,0,0,0,0,0,0,0,0
55,"on cushion",85,70,5950,101358,60,2,3,0,0,0,0,0,0,0,0,0,0,0,5,0,0,0,0,0,25,0,2,0,0,0
14,"on cushion",80,75,6000,107358,45,0,2,0,0,5,0,0,0,0,0,0,60,0,0,0,0,0,0,0,5,0,0,0,1,0
31,"on cushion",83,74,6142,113500,60,3,5,0,0,0,0,0,0,0,0,0,0,0,8,0,0,0,0,0,15,0,0,0,0,0
46,"on cushion",82,75,6150,119650,30,0,5,0,0,0,0,0,0,0,0,0,85,1,0,0,0,0,0,0,0,0,0,0,0,0
7,"on cushion",90,77,6930,126580,100,0,10,0,0,0,0,0,20,0,0,1,35,0,1,0,0,0,0,1,0,0,0,0,0,0
11,"on cushion",90,80,7200,133780,60,5,5,0,0,35,0,0,5,0,0,0,50,1,0,0,0,0,0,0,50,0,3,0,0,0
48,"on cushion",100,95,9500,143280,40,2,7,0,0,0,0,0,0,0,0,0,0,0,0,0,0,0,0,0,10,0,0,0,0,0
6,"on cushion",120,85,10200,153480,110,1,10,0,0,45,1,0,2,0,1,0,0,0,16,1,1,1,2,0,0,0,0,0,0,0
34,"on cushion",110,100,11000,164480,30,1,0,0,0,0,0,0,5,0,0,0,0,0,0,0,0,0,0,0,15,0,0,0,0,0
57,"on cushion",105,105,11025,175505,45,0,1,0,0,0,0,0,5,0,0,0,0,0,0,0,0,0,0,0,20,0,1,0,0,0
9,"on cushion",120,115,13800,189305,50,0,0,0,0,70,0,0,0,0,0,3,38,0,12,0,0,0,0,0,65,10,1,0,0,0
26,"on cushion",135,110,14850,204155,95,0,15,0,0,0,0,1,20,0,0,0,0,0,0,0,0,0,1,0,5,0,0,0,0,0
21,"in open",13,12,156,156,0,0,0,0,0,0,0,0,1,0,0,0,0,0,0,0,0,0,0,0,0,0,0,0,0,0
17,"in open",15,13,195,351,1,1,0,0,0,0,0,0,0,0,1,0,0,0,0,0,0,0,0,0,0,0,0,0,0,0
22,"in open",20,20,400,751,0,0,0,0,0,0,0,0,8,0,0,0,0,0,0,0,0,0,0,0,0,0,1,0,0,0
33,"in open",23,23,529,1280,0,0,0,0,0,0,0,0,0,0,0,0,0,0,0,0,0,0,0,0,0,0,0,0,0,0
40,"in open",28,20,560,1840,0,0,0,1,0,0,0,0,1,0,0,0,0,0,0,0,0,0,0,0,0,0,0,0,0,0
3,"in open",27,22,594,2434,0,0,0,0,0,0,0,0,0,0,0,1,0,0,0,0,0,0,0,0,0,0,0,0,0,0
51,"in open",30,20,600,3034,10,8,2,0,0,0,0,0,8,0,0,0,0,0,0,0,0,0,0,0,0,0,0,0,0,0
29,"in open",32,25,800,3834,4,1,0,0,0,0,0,0,0,0,0,0,0,0,0,0,0,0,0,0,0,0,0,0,0,0
39,"in open",30,28,840,4674,0,5,0,0,0,0,0,0,3,0,0,0,7,0,0,0,0,0,0,0,0,0,0,0,0,0
47,"in open",30,28,840,5514,18,3,2,0,0,0,0,0,0,0,0,0,8,0,0,0,0,0,0,0,0,0,6,0,0,0
49,"in open",35,30,1050,6564,1,1,1,0,0,0,0,0,3,0,0,0,3,0,0,0,0,0,0,0,0,0,0,0,5,0
37,"in open",33,32,1056,7620,0,1,2,0,0,0,0,0,0,0,0,0,0,0,0,0,0,0,0,0,0,0,0,0,0,0
42,"in open",34,32,1088,8708,3,0,8,0,0,0,0,0,1,0,0,0,0,0,0,0,0,0,0,0,0,0,0,0,0,0
12,"in open",35,32,1120,9828,0,1,0,0,0,8,0,0,0,0,0,28,0,0,0,0,0,0,1,0,0,0,0,0,0,0
16,"in open",38,30,1140,10968,0,1,1,0,0,0,0,0,0,0,0,0,4,0,0,0,0,0,0,0,0,0,0,0,1,0
44,"in open",35,33,1155,12123,0,0,5,0,0,0,0,0,1,0,0,0,0,0,0,0,0,0,0,0,0,0,0,0,0,0
5,"in open",38,32,1216,13339,0,10,15,0,0,0,0,0,0,0,0,0,0,0,0,0,0,0,0,0,0,0,0,0,0,0
58,"in open",38,32,1216,14555,0,1,0,1,0,0,0,0,0,0,0,1,0,0,0,0,0,0,0,0,0,0,0,0,0,0
24,"in open",40,35,1400,15955,0,0,0,0,0,0,0,0,1,0,0,0,0,0,0,0,0,0,0,0,0,0,0,0,0,0
56,"in open",40,35,1400,17355,0,0,5,0,0,0,0,0,3,0,0,2,0,0,0,0,0,0,0,0,0,0,0,0,0,0
18,"in open",45,35,1575,18930,0,1,0,0,0,0,0,0,0,0,3,0,0,0,0,0,0,0,2,0,0,0,1,0,0,0
10,"in open",43,38,1634,20564,0,0,4,0,0,0,0,0,0,0,0,13,1,0,0,0,0,0,0,0,1,0,0,0,0,0
32,"in open",43,38,1634,22198,0,1,1,0,0,0,0,0,0,0,0,0,0,1,0,0,0,0,0,0,0,0,0,0,0,0
38,"in open",42,40,1680,23878,5,0,0,0,0,0,0,0,3,0,0,0,3,0,0,0,0,0,0,0,3,0,2,0,0,0
59,"in open",45,38,1710,25588,0,0,1,0,0,0,0,0,5,0,0,1,0,0,1,0,0,0,0,0,0,0,3,0,0,0
19,"in open",45,40,1800,27388,0,0,10,0,0,0,0,1,0,0,0,0,3,0,0,0,0,0,0,0,0,0,0,0,0,0
28,"in open",45,40,1800,29188,45,2,0,0,0,0,0,0,3,0,0,5,20,0,0,0,0,0,0,0,0,0,0,0,0,0
53,"in open",45,40,1800,30988,15,6,0,0,0,4,0,0,4,0,0,0,0,1,0,0,0,0,0,0,0,0,0,0,0,0
15,"in open",43,43,1849,32837,5,0,8,0,0,0,0,0,0,0,0,0,4,0,0,0,0,0,0,0,0,0,0,0,5,0
35,"in open",48,40,1920,34757,3,3,1,0,0,0,0,0,0,0,0,2,0,0,8,0,0,0,0,0,0,0,0,0,0,0
1,"in open",50,40,2000,36757,0,0,4,2,2,1,1,1,0,0,0,0,0,0,0,0,0,0,0,0,0,0,0,0,0,0
8,"in open",50,40,2000,38757,3,0,0,1,0,0,0,0,0,0,0,0,0,0,0,0,0,1,0,0,0,0,0,0,0,0
23,"in open",45,45,2025,40782,5,0,5,0,0,0,0,0,0,0,0,0,0,0,0,0,0,0,0,0,0,0,0,0,0,0
36,"in open",53,42,2226,43008,7,8,8,0,0,0,0,0,5,0,0,0,10,0,0,0,0,0,0,0,0,0,0,0,0,0
54,"in open",54,45,2430,45438,8,3,0,0,0,0,0,0,3,0,0,0,5,0,1,0,0,0,0,0,0,0,5,0,0,2
30,"in open",55,50,2750,48188,5,0,4,0,0,0,0,0,3,0,0,0,8,0,0,0,0,0,0,0,3,0,3,0,0,2
41,"in open",55,50,2750,50938,10,2,0,0,0,0,0,1,7,0,0,0,0,0,0,0,0,0,0,0,0,0,0,0,0,0
25,"in open",60,50,3000,53938,12,6,1,1,0,0,0,0,0,0,0,5,3,1,0,0,0,0,0,0,0,0,0,0,0,0
20,"in open",60,55,3300,57238,35,2,4,1,0,0,0,0,1,0,0,0,0,0,0,0,0,0,0,0,0,0,1,0,2,0
43,"in open",110,30,3300,60538,0,0,20,0,0,0,0,0,15,0,0,0,0,0,0,0,0,0,0,0,0,0,0,0,0,0
45,"in open",60,55,3300,63838,1,5,8,0,0,25,0,1,5,0,0,0,8,0,0,0,0,0,0,0,0,0,0,0,0,0
4,"in open",62,55,3410,67248,57,0,0,1,0,6,1,0,0,0,0,0,1,0,0,0,0,0,0,0,0,0,0,0,0,0
13,"in open",65,60,3900,71148,0,6,10,0,0,0,0,0,0,0,0,1,0,0,7,0,0,0,0,0,0,0,1,0,0,0
27,"in open",65,60,3900,75048,3,5,3,2,0,0,0,1,2,0,0,0,0,3,0,0,0,0,0,0,0,0,1,0,0,0
50,"in open",80,60,4800,79848,10,8,0,1,0,0,0,0,12,0,0,0,15,0,0,0,0,0,0,0,0,0,0,0,0,13
52,"in open",83,60,4980,84828,0,0,0,2,0,7,0,0,0,0,0,45,0,0,0,1,0,0,0,0,0,1,0,0,0,0
2,"in open",74,70,5180,90008,45,1,2,0,0,0,0,1,0,0,0,0,0,0,0,0,0,0,0,0,0,0,0,0,0,0
60,"in open",75,72,5400,95408,5,3,10,3,0,0,0,0,1,0,0,0,0,0,0,0,0,0,0,0,5,0,0,0,0,0
55,"in open",85,70,5950,101358,8,8,5,0,0,20,0,0,6,0,0,8,0,0,0,0,0,0,0,0,10,0,1,0,0,0
14,"in open",80,75,6000,107358,0,7,15,1,0,0,0,0,1,0,1,8,10,0,0,0,0,0,0,0,0,0,1,0,0,0
31,"in open",83,74,6142,113500,0,0,10,0,0,0,0,0,0,0,1,0,0,0,0,0,0,0,0,0,5,0,3,0,3,0
46,"in open",82,75,6150,119650,3,3,6,0,0,0,0,1,15,0,0,0,3,0,0,0,0,0,0,0,0,0,0,0,0,0
7,"in open",90,77,6930,126580,40,5,3,1,0,0,0,0,1,0,0,19,0,0,0,0,0,1,0,0,0,0,0,0,0,0
11,"in open",90,80,7200,133780,50,10,10,0,0,0,0,0,3,0,0,0,20,0,0,0,0,0,0,0,8,0,3,3,0,0
48,"in open",100,95,9500,143280,0,2,1,0,0,0,0,0,0,0,0,0,10,0,0,4,0,0,1,0,0,0,0,0,5,0
6,"in open",120,85,10200,153480,30,0,0,0,0,0,1,0,0,0,0,23,1,1,1,0,0,0,0,0,0,0,0,0,0,0
34,"in open",110,100,11000,164480,1,3,7,1,0,0,0,0,2,0,0,0,0,0,0,0,0,0,0,0,0,1,2,0,1,0
57,"in open",105,105,11025,175505,1,1,0,5,0,0,0,0,5,0,0,2,0,0,1,0,0,0,0,0,0,0,0,0,0,0
9,"in open",120,115,13800,189305,70,6,8,0,0,0,0,0,3,0,0,6,0,0,0,1,0,0,0,0,0,0,0,0,0,0
26,"in open",135,110,14850,204155,8,20,10,4,0,0,0,0,10,0,0,1,0,0,0,0,0,0,0,0,0,0,0,0,3,0
